5,5,15,2,7,0,4,60,3
0,0,1,1,1,2,2,2,3,3,4,
3,5,2,6,4,1,3,5,2,6,3,
3,4,4,
4,1,5,
254,32,254,205,254,205,254,32,254,32,254,32,32,186,65,186,65,186,32,32,32,32,254,205,254,205,254,205,254,32,254,32,254,32,32,186,32,32,32,186,32,32,32,32,254,32,254,205,254,32,254,32,254,32,254,32,32,32,32,32,32,32,32,32,32,32,254,32,254,32,254,32,254,32,254,32,254,32,32,32,32,32,32,32,32,32,32,32,254,32,254,32,254,32,254,32,254,32,254,32,32,32,32,32,32,32,32,32,32,32,254,32,254,32,254,32,254,32,254,32,254,
15,15,15,9,15,12,15,15,15,15,15,15,15,9,48,9,48,12,15,15,15,15,15,12,15,9,15,9,15,15,15,15,15,15,15,9,15,15,15,12,15,15,15,15,15,15,15,9,15,15,15,15,15,15,15,15,15,15,15,15,15,15,15,15,15,15,15,15,15,15,15,15,15,15,15,15,15,15,15,15,15,15,15,15,15,15,15,15,15,15,15,15,15,15,15,15,15,15,15,15,15,15,15,15,15,15,15,15,15,15,15,15,15,15,15,15,15,15,15,15,15,
21
ahmed
said
