5,5,12,1,7,0,6,60,0
0,2,1,4,1,5,2,6,1,0,5,4,8,
3,9,2,1,4,4,3,3,6,7,10,9,7,


254,32,254,205,254,32,254,205,254,32,254,32,32,186,65,186,32,186,32,32,32,32,254,32,254,205,254,32,254,32,254,205,254,32,32,32,32,32,32,32,32,32,32,32,254,205,254,32,254,32,254,32,254,205,254,32,32,32,32,186,32,32,32,32,32,186,254,32,254,205,254,32,254,32,254,32,254,32,32,32,32,32,32,32,32,32,32,32,254,32,254,32,254,32,254,205,254,32,254,32,32,32,32,32,32,32,32,32,32,32,254,32,254,32,254,32,254,32,254,32,254,
15,15,15,9,15,15,15,9,15,15,15,15,15,9,48,9,15,12,15,15,15,15,15,15,15,9,15,15,15,15,15,12,15,15,15,15,15,15,15,15,15,15,15,15,15,12,15,15,15,15,15,15,15,9,15,15,15,15,15,12,15,15,15,15,15,12,15,15,15,9,15,15,15,15,15,15,15,15,15,15,15,15,15,15,15,15,15,15,15,15,15,15,15,15,15,12,15,15,15,15,15,15,15,15,15,15,15,15,15,15,15,15,15,15,15,15,15,15,15,15,15,
59
nada
computer
